100
7 95 96
998 1068 8
590 639 99
630 702 63
921 937 30
923 1001 48
778 838 36
80 126 81
431 519 39
2 30 87
805 865 99
169 214 96
526 583 81
152 245 100
568 601 44
633 676 90
451 458 48
620 656 42
230 278 94
433 459 78
928 1027 11
279 300 78
351 385 15
263 360 5
471 570 75
250 327 69
164 241 82
283 289 75
672 690 31
291 334 8
154 240 78
964 1038 16
68 97 36
869 901 89
828 911 29
703 792 13
881 951 92
364 445 40
497 536 72
794 837 29
290 340 35
121 216 13
164 212 38
634 663 78
300 310 34
776 811 32
181 255 78
78 79 81
746 795 39
877 935 85
898 935 84
313 404 76
471 496 24
552 577 69
371 421 43
307 320 24
112 125 50
643 656 29
534 594 7
893 912 15
247 297 47
403 411 97
489 532 32
948 1025 78
233 279 38
270 352 88
621 690 15
342 423 55
953 1040 48
797 867 89
605 664 79
221 266 43
502 600 23
400 451 69
591 620 11
710 810 15
441 480 57
389 447 35
500 584 85
604 640 96
216 307 13
956 1023 17
177 233 53
929 946 67
438 530 70
799 842 6
896 910 79
392 449 66
268 323 64
345 399 15
950 1038 95
334 419 50
233 260 48
971 1001 47
37 99 46
268 319 99
492 582 12
803 867 54
411 494 24
655 696 4