100 200 100
100 19 76
19 22 -12
19 28 90
100 77 1
22 30 89
30 65 97
77 99 8
65 97 12
97 29 95
29 17 49
17 63 5
99 32 46
100 11 91
77 67 55
29 2 36
2 37 90
100 46 -11
17 58 -15
22 42 32
22 59 52
58 80 38
17 20 66
42 69 -14
19 52 41
17 45 75
99 76 -4
59 64 60
37 34 99
63 3 7
20 89 22
89 41 -18
59 33 53
80 54 48
2 16 60
33 15 74
52 10 49
52 56 98
52 12 -4
52 81 2
64 8 48
54 40 12
33 75 -7
100 35 11
15 51 27
59 6 39
15 18 14
58 95 80
51 21 67
95 5 79
34 73 -7
56 98 63
95 62 -8
67 74 -18
33 26 60
58 57 37
76 47 84
80 72 19
5 83 28
57 1 38
56 36 18
67 85 76
21 68 37
76 55 14
97 44 88
6 94 -11
21 7 72
35 70 -14
100 48 79
59 31 11
95 66 17
94 53 84
40 49 76
28 27 63
81 78 72
19 86 80
66 13 26
97 23 6
94 25 0
48 79 87
62 87 87
47 88 75
18 82 52
56 92 -20
63 24 61
74 84 94
36 38 -15
77 71 -16
46 14 51
22 60 72
59 39 67
51 91 2
35 96 49
89 90 32
83 50 -8
53 61 32
3 4 72
76 43 81
26 9 24
74 93 81
47 26 64
47 86 21
67 12 68
36 83 91
70 1 38
100 82 -10
93 69 -7
83 86 27
9 81 -10
50 87 13
68 15 99
70 26 81
94 67 10
42 91 23
16 45 90
24 72 57
34 5 -14
94 71 50
66 2 56
83 87 59
91 23 -9
62 24 44
80 33 78
32 23 32
84 7 2
37 14 21
83 100 64
86 45 86
45 65 40
96 67 59
57 20 -16
80 24 98
68 1 93
6 78 -7
45 61 -16
60 17 89
21 80 99
82 83 99
65 44 86
78 57 18
32 3 81
28 85 35
25 97 82
99 31 25
81 46 4
90 61 -20
16 42 -9
23 12 56
40 34 44
30 53 37
42 83 9
40 93 63
54 64 24
69 80 -14
67 77 46
62 7 6
63 70 19
20 45 34
74 46 58
48 61 96
61 89 -13
35 81 100
53 33 57
46 81 32
64 67 72
3 97 1
65 25 73
2 67 45
49 85 -1
51 52 50
11 75 89
73 40 95
15 13 65
62 75 -8
87 21 8
23 7 28
29 78 49
19 33 17
10 97 21
41 86 -2
60 38 17
99 22 31
42 53 23
59 85 50
5 7 35
9 24 -8
66 21 -2
6 41 73
39 50 -14
50 92 58
41 66 25
25 73 -10
53 57 50
52 33 -10
42 59 75
79 36 93
22 65 19
92 47 -14
68 93 42
19 36 -8
19 89 83