1000 5000 489
504 379 430
358 88 166
769 720 676
379 967 245
577 497 913
949 903 612
440 581 619
91 714 450
549 71 275
458 534 649
733 633 129
554 770 584
489 896 802
870 935 738
943 416 649
279 281 706
630 21 10
115 758 275
752 212 208
174 473 552
974 772 932
626 147 99
895 268 716
727 265 541
327 846 910
561 354 636
494 984 214
672 588 193
468 922 821
943 338 104
381 413 765
447 341 14
545 860 626
544 486 496
814 747 989
125 575 545
77 491 25
472 733 295
430 809 737
36 470 839
304 245 525
542 226 207
434 292 698
574 668 635
342 38 930
271 144 268
967 214 186
38 119 468
907 754 677
331 967 835
594 591 695
390 952 779
436 840 237
421 844 530
282 699 134
132 111 438
25 948 986
589 502 507
788 8 745
671 232 271
105 908 319
964 729 236
895 898 858
71 10 254
15 650 256
246 931 140
6 823 164
882 208 470
319 41 355
645 163 883
603 563 400
939 782 136
617 108 6
611 337 276
609 694 956
510 636 23
848 213 573
753 61 301
967 2 999
232 470 667
889 291 137
42 822 333
584 356 961
759 855 653
412 368 468
398 237 237
955 507 537
620 586 109
129 289 65
714 900 681
859 864 592
472 423 51
84 953 494
875 229 769
865 278 748
927 338 968
952 138 402
285 996 779
235 78 936
928 88 354
459 208 124
797 177 795
652 50 585
364 761 979
601 227 545
232 254 650
877 459 991
954 965 408
100 302 276
494 630 177
784 547 679
469 195 165
446 585 295
699 874 731
51 238 47
495 192 381
215 419 677
762 172 592
618 22 693
251 487 788
670 184 102
261 835 496
714 742 347
865 691 213
665 431 472
460 432 978
773 410 317
500 871 909
805 987 963
107 783 794
431 136 457
589 388 718
136 582 969
991 601 230
296 377 100
634 576 132
631 601 190
820 536 989
826 120 469
805 573 242
499 378 906
456 438 771
73 583 993
22 654 879
484 593 184
575 617 263
812 526 982
448 255 740
807 590 454
636 516 334
126 769 749
312 51 325
281 820 991
771 498 50
539 94 941
908 252 993
15 938 622
702 199 396
170 870 198
972 418 693
970 172 954
525 738 730
962 815 91
594 793 757
951 194 639
701 123 607
539 765 558
401 164 834
83 393 121
408 171 781
585 517 72
440 15 212
88 685 24
545 960 429
279 851 378
363 305 251
264 909 516
775 118 419
1 703 685
511 570 232
445 138 745
503 231 670
606 778 643
718 232 665
992 431 281
764 461 660
618 975 258
981 431 585
503 471 852
8 785 309
296 781 161
756 357 498
617 300 606
79 187 484
639 786 841
892 842 799
243 368 291
800 698 482
97 880 360
239 981 440
23 780 823
503 835 261
518 499 220
115 377 801
705 841 988
323 575 192
384 693 760
114 872 186
838 686 971
272 763 206
243 162 404
128 994 99
41 914 502
547 317 750
331 338 993
691 125 431
613 892 826
902 728 804
762 236 367
394 909 622
823 327 571
739 761 9
495 228 274
34 87 638
380 837 301
49 874 167
63 96 597
911 285 200
466 705 581
933 460 975
251 571 824
708 992 408
180 697 650
694 150 597
935 575 476
499 641 834
735 81 880
222 352 546
376 607 840
106 606 167
544 585 459
528 287 777
471 590 292
115 750 391
736 955 440
28 104 424
291 520 687
133 766 559
882 840 75
435 344 324
481 230 426
332 293 571
790 934 194
883 825 671
725 405 929
859 267 972
920 451 697
505 677 469
116 751 426
512 400 388
750 6 788
772 485 177
64 944 135
655 685 800
226 438 996
219 771 442
261 163 680
967 999 577
919 156 548
722 802 536
33 617 202
494 830 927
814 808 150
595 536 289
594 271 22
491 585 192
857 87 55
462 925 662
935 497 27
491 2 860
629 83 574
2 560 452
548 783 339
952 202 962
457 777 877
663 854 797
232 347 665
122 678 363
75 619 286
691 270 765
810 984 572
5 40 651
881 96 485
149 780 378
100 291 706
395 381 394
298 241 250
664 592 246
452 518 232
732 675 52
853 553 970
273 771 47
478 80 220
360 642 75
640 94 341
360 53 279
573 397 601
903 135 777
844 678 487
180 680 321
643 162 83
545 676 104
320 245 576
168 75 890
881 131 481
952 797 759
609 202 841
431 769 729
310 470 96
641 55 106
386 318 521
383 354 594
369 712 654
798 269 642
32 511 749
989 201 340
823 989 124
548 990 880
58 930 826
193 591 603
395 657 689
765 332 398
731 461 502
398 146 589
840 385 148
781 763 448
559 393 450
700 625 970
606 604 941
234 130 452
565 476 820
823 418 736
821 764 204
723 755 449
406 932 73
183 602 531
564 576 767
460 596 327
38 62 156
637 357 990
149 703 394
194 812 416
657 298 584
505 634 363
600 680 296
118 823 292
65 428 619
517 637 501
907 172 918
995 98 701
156 989 136
570 784 540
118 136 605
584 747 602
435 520 556
507 501 110
313 294 997
656 570 795
703 288 578
773 890 35
728 376 328
776 584 339
553 471 3
847 457 796
597 692 783
540 150 239
477 927 8
75 990 66
703 437 803
251 37 165
303 691 269
857 620 170
286 449 482
659 693 79
768 832 757
523 442 1000
727 57 248
765 808 356
847 594 865
492 45 552
370 747 399
1000 805 516
463 612 895
5 41 348
87 118 668
586 563 487
942 297 682
539 291 246
777 790 708
332 701 594
846 409 954
567 269 719
407 824 157
824 259 645
345 157 562
695 277 878
61 440 354
200 83 496
862 644 375
344 222 972
66 842 740
88 511 273
160 184 736
660 668 571
925 81 751
285 31 578
340 521 227
515 753 155
547 583 888
570 633 11
182 134 554
971 547 475
574 532 150
979 401 987
858 518 452
578 189 841
424 306 774
220 947 157
184 829 973
118 842 144
897 292 437
2 176 233
515 33 814
394 650 716
970 529 474
546 528 190
907 721 542
695 325 335
720 458 706
206 33 759
199 36 318
217 495 176
126 326 974
82 997 646
564 897 279
827 803 187
330 587 993
449 848 7
4 700 939
249 716 73
624 887 123
328 453 202
267 935 357
783 696 307
959 722 60
151 336 381
376 697 297
598 616 358
156 801 502
462 915 150
78 213 585
36 153 103
560 289 448
85 841 248
973 713 251
637 30 657
657 369 584
250 888 986
817 84 364
1000 964 393
314 34 557
148 655 314
622 228 768
411 152 467
694 282 492
743 878 110
805 520 124
615 836 520
408 81 579
157 591 323
586 657 167
745 171 279
157 279 331
193 958 688
493 74 662
894 682 400
952 407 522
211 310 217
757 722 823
393 705 99
460 935 650
9 615 16
811 286 507
456 817 308
856 594 991
870 801 869
61 855 398
109 692 13
58 612 980
969 718 677
934 407 176
741 64 305
717 525 365
779 156 183
417 450 784
90 1000 281
462 670 390
376 978 277
465 243 566
84 75 634
8 229 423
240 595 998
287 710 392
776 411 731
897 33 136
652 35 75
348 432 944
862 391 578
659 746 660
268 751 654
216 226 312
39 746 345
918 148 6
889 600 119
729 890 449
210 69 962
194 825 197
318 495 845
355 363 966
419 236 422
700 563 463
205 253 634
690 502 76
518 929 994
951 529 363
889 221 765
231 224 312
298 401 231
956 394 287
481 534 453
215 288 401
263 923 931
763 569 719
667 757 351
596 578 965
741 854 906
10 248 968
384 741 948
420 750 394
140 470 253
334 525 721
872 676 185
272 903 235
296 269 4
10 339 116
692 792 356
3 498 440
345 970 429
167 1000 175
826 466 852
452 276 988
205 763 474
784 917 204
570 260 857
690 940 536
298 903 597
838 510 567
703 96 439
966 175 980
643 658 430
190 121 898
99 814 822
771 457 911
118 640 706
264 704 583
963 828 674
498 464 272
727 535 116
259 514 945
432 387 459
818 607 145
658 784 791
884 713 100
232 600 589
463 918 693
953 111 667
805 181 944
363 938 388
567 895 333
888 22 290
696 655 342
416 685 202
141 955 869
68 239 806
601 912 423
712 17 376
368 883 82
204 787 785
300 90 229
836 893 564
239 705 925
375 535 95
867 939 47
605 704 371
37 27 221
818 764 16
287 904 20
255 201 494
141 377 960
70 678 273
518 99 643
260 53 159
837 879 176
688 627 517
213 328 201
884 581 593
926 590 524
648 422 302
315 488 96
778 191 419
532 289 717
749 485 708
74 680 246
75 193 923
872 467 479
502 562 120
262 167 253
879 623 888
339 804 582
774 986 96
216 509 616
648 675 414
809 648 20
637 634 682
718 379 173
555 493 91
734 702 967
526 843 793
590 614 509
771 324 836
20 133 959
779 492 549
108 547 403
357 905 279
23 831 21
469 144 861
627 858 824
472 818 674
881 471 786
533 503 24
774 955 506
357 376 368
361 430 840
379 611 481
5 562 489
982 302 860
754 4 683
158 341 433
162 806 453
400 34 258
722 808 201
344 170 486
348 147 927
39 488 41
243 550 423
660 707 382
300 538 971
345 511 537
691 920 634
980 454 396
234 348 691
493 994 637
859 663 780
892 672 827
931 484 736
105 896 952
417 794 393
271 761 337
572 911 175
323 789 347
102 543 576
830 845 39
794 36 186
739 577 715
821 743 936
967 338 358
739 618 488
66 951 974
421 827 261
691 964 635
903 873 324
890 618 962
893 29 210
991 943 192
777 736 558
663 295 812
596 433 335
70 333 404
365 797 137
391 611 517
377 228 140
523 309 179
392 740 456
44 455 98
1 51 753
113 56 203
296 175 245
332 843 274
574 828 311
895 557 583
543 428 282
313 281 600
170 953 607
718 867 404
901 99 960
240 97 320
615 792 466
220 299 378
752 614 507
906 586 532
938 796 811
93 810 369
265 812 650
799 830 987
493 428 896
272 29 329
322 16 334
560 573 112
334 320 394
934 404 763
887 385 415
672 233 203
796 6 934
219 936 425
932 644 177
242 59 853
807 506 329
315 212 755
510 971 711
987 388 591
19 36 436
843 240 84
531 569 408
151 152 630
832 816 78
941 810 353
84 807 748
213 716 140
880 319 191
354 392 117
535 755 976
295 537 652
926 301 257
625 940 584
87 704 878
372 574 270
546 229 304
10 937 695
157 4 458
904 745 48
400 97 996
289 824 579
732 768 700
660 652 586
842 556 715
467 945 400
311 116 922
443 864 540
78 79 347
132 685 904
896 996 711
907 695 276
886 249 32
20 863 678
698 974 648
579 635 40
555 229 101
671 524 708
868 906 886
119 178 867
501 807 853
798 912 804
69 147 852
587 547 332
660 162 597
948 938 201
42 874 113
222 266 465
698 457 832
104 721 332
165 209 369
121 426 67
118 449 667
100 238 487
138 261 250
732 155 963
611 477 410
501 513 733
484 945 768
866 929 845
209 657 144
48 249 120
988 600 716
280 508 459
201 583 439
683 349 46
932 928 85
91 939 576
996 643 154
950 498 626
835 700 160
106 927 171
63 44 605
9 407 502
599 47 879
782 886 673
199 635 410
71 714 853
71 913 687
206 378 856
58 614 752
100 264 184
326 758 408
708 439 396
978 539 61
740 483 565
824 590 624
107 271 696
754 962 478
923 671 870
715 319 147
920 883 473
267 510 539
201 803 521
684 546 142
771 944 71
452 524 826
493 739 41
693 134 541
48 754 282
229 352 820
422 23 693
173 934 550
83 427 294
72 137 249
588 182 798
797 471 416
891 140 442
651 630 978
802 995 66
522 315 799
27 730 772
617 592 762
290 681 92
709 780 465
567 393 452
960 652 31
905 892 70
665 259 498
8 604 190
86 21 976
416 463 479
220 422 379
707 82 140
722 372 771
693 161 760
589 33 309
481 106 228
203 681 309
877 134 687
879 646 729
697 337 997
767 692 911
904 391 19
934 572 42
106 44 481
320 674 187
372 387 580
113 766 336
678 745 45
582 167 326
717 325 794
715 702 442
122 315 126
36 358 61
231 638 365
668 305 58
771 824 105
965 738 473
890 959 657
856 320 170
367 982 55
937 144 906
613 454 281
921 389 887
557 978 990
192 75 264
427 628 475
442 846 619
517 943 875
188 260 904
572 371 890
924 641 941
890 951 925
634 244 9
626 635 283
414 335 340
454 412 478
238 705 754
780 76 207
331 813 410
20 956 15
241 708 845
774 624 440
873 236 969
89 520 821
240 535 152
861 430 283
696 991 318
158 160 476
746 10 464
918 755 90
571 966 968
202 58 335
369 778 535
580 423 932
422 642 841
403 117 472
546 96 746
518 186 741
775 567 375
833 184 539
81 37 614
460 18 600
496 587 641
928 550 522
654 688 317
79 331 764
913 39 986
387 435 578
773 926 862
522 456 453
769 401 353
477 325 196
62 572 383
12 523 822
342 32 78
774 348 790
975 982 98
84 484 285
345 686 62
720 407 977
992 500 935
371 785 954
170 519 82
61 532 53
976 540 223
886 351 612
952 816 535
280 324 352
377 983 510
369 737 107
163 150 384
803 235 870
566 712 48
64 750 197
391 475 17
427 519 402
879 708 561
658 621 30
78 711 57
779 544 503
290 451 933
277 181 131
825 506 912
621 905 133
332 251 270
294 580 83
100 105 253
375 434 912
100 764 423
441 862 289
652 333 808
627 695 372
102 374 972
409 284 298
594 983 998
392 188 943
16 281 907
532 706 75
400 128 910
399 364 265
207 490 919
451 470 448
184 626 230
756 913 714
627 40 324
206 511 79
240 289 222
608 401 836
179 492 616
780 171 893
922 935 372
236 219 898
961 128 736
166 775 887
686 335 92
225 185 320
455 219 542
681 902 510
5 481 524
800 782 759
305 252 338
382 163 57
342 760 210
501 899 991
315 967 644
304 314 922
433 135 111
8 16 306
250 820 818
965 35 794
536 247 570
15 192 493
191 453 991
131 691 722
949 922 303
840 931 460
268 924 808
185 264 350
691 952 474
931 247 981
595 872 742
299 51 509
131 967 231
645 741 415
973 349 137
285 830 137
198 308 988
723 373 296
346 314 681
569 506 118
861 43 254
317 545 405
468 779 569
664 983 455
228 258 478
359 738 302
8 352 598
463 944 682
425 934 174
847 10 183
445 141 848
646 60 464
549 393 675
33 315 787
666 749 143
220 451 921
767 823 86
663 930 614
194 911 121
683 675 641
171 382 451
481 541 883
828 960 358
87 550 416
37 670 227
920 963 925
183 819 635
306 198 384
513 465 518
597 812 49
104 22 583
878 913 882
232 327 543
454 740 789
765 241 934
257 706 707
562 27 828
52 149 908
909 370 32
965 235 29
530 163 32
968 587 865
490 625 859
286 155 415
854 324 342
52 501 987
928 810 112
583 510 763
57 992 951
805 380 164
821 426 407
320 980 657
598 267 53
161 832 472
156 566 472
672 803 254
194 550 387
882 926 419
252 550 541
707 609 429
844 916 667
84 249 84
659 483 332
414 22 691
486 374 740
8 429 639
790 101 699
712 953 192
169 205 410
871 27 279
124 422 32
537 11 820
404 330 832
567 116 959
751 610 396
10 769 281
666 710 599
202 659 320
450 323 971
864 280 537
155 865 397
703 716 639
283 339 537
999 600 297
747 586 154
329 993 982
997 65 419
514 678 723
571 364 813
902 203 816
788 905 1000
169 860 14
228 353 432
730 125 937
679 441 830
174 343 950
212 585 782
394 326 839
122 562 698
46 752 950
220 972 781
154 980 732
272 540 184
830 788 673
32 433 805
512 866 728
325 922 124
438 808 201
994 483 685
520 380 463
888 732 843
415 955 232
63 949 632
936 298 504
837 17 13
329 873 219
521 790 394
994 119 170
621 690 568
263 344 110
616 907 590
40 104 331
170 150 661
139 873 698
90 717 781
880 506 921
828 62 370
585 132 884
122 804 284
507 133 240
750 458 997
481 81 104
337 497 950
180 498 14
81 572 153
750 64 430
235 896 629
866 942 279
415 980 774
202 412 215
813 305 570
556 428 90
162 58 911
155 492 569
537 905 688
717 873 129
975 324 811
210 494 266
745 568 457
501 786 2
452 930 645
569 507 96
927 212 725
382 902 274
924 833 904
596 592 256
799 374 891
741 523 854
142 477 935
886 139 668
141 322 319
424 817 804
347 367 448
966 513 318
503 809 95
320 319 737
587 672 861
624 83 145
220 747 772
51 488 800
822 288 413
58 843 631
750 18 843
566 336 217
812 36 228
196 112 664
797 304 913
415 541 614
425 615 477
53 276 357
265 324 788
24 297 715
671 745 545
591 296 429
889 883 707
113 897 243
696 212 147
88 765 403
554 192 501
343 490 13
771 888 55
659 48 387
926 555 236
162 381 914
765 792 103
151 565 744
830 95 937
322 874 851
571 61 995
33 433 571
69 232 639
616 18 427
335 84 47
215 817 496
351 916 29
445 805 624
220 941 127
682 774 108
939 891 675
333 705 874
515 743 701
698 554 869
184 327 208
594 340 938
928 890 268
194 464 682
649 886 703
771 412 442
982 695 85
588 335 648
91 548 322
353 757 596
452 942 398
318 910 187
513 849 756
181 906 166
659 88 93
910 527 682
192 48 477
105 362 84
214 801 984
782 745 178
928 377 971
89 320 889
789 191 1
967 857 310
569 655 131
346 699 697
379 240 465
930 122 421
318 112 280
542 762 516
692 744 74
230 397 923
93 717 785
901 391 770
449 413 533
685 450 223
782 36 595
755 975 381
939 406 193
899 774 795
268 566 478
728 600 978
282 294 285
635 511 175
580 358 630
472 319 148
690 650 524
88 351 413
919 684 167
365 421 355
965 926 772
63 261 515
351 331 401
847 458 731
597 627 796
473 787 36
668 914 990
333 524 283
790 599 633
376 69 338
429 529 155
721 919 267
891 135 422
396 521 548
488 231 473
844 225 156
888 431 947
751 878 243
660 982 131
801 629 163
767 982 535
662 574 978
782 592 488
842 29 22
27 136 118
878 512 254
116 865 844
651 266 190
901 734 34
792 517 779
708 22 827
60 695 60
802 966 714
589 929 55
557 8 931
945 318 853
780 594 152
278 120 163
184 889 352
449 415 633
274 869 131
343 926 948
612 135 252
44 548 120
76 746 485
652 826 157
376 674 460
441 901 282
974 537 124
775 653 13
763 25 43
171 452 461
510 954 915
942 472 157
714 63 256
283 342 296
797 555 140
424 228 370
288 265 897
952 927 99
130 182 672
204 965 930
186 99 148
746 703 74
954 967 302
547 46 870
974 3 980
852 81 957
313 721 798
97 985 968
594 391 421
168 761 304
987 68 536
323 85 102
560 83 278
370 233 430
764 634 417
807 717 651
282 238 601
302 556 842
715 487 10
141 180 710
723 49 701
988 974 237
616 172 140
2 320 485
619 257 862
930 905 596
305 963 224
539 609 48
686 977 2
791 470 967
998 985 698
944 445 882
502 998 504
221 832 799
878 342 514
726 42 982
759 500 549
279 726 492
55 373 733
705 901 277
38 413 384
429 288 291
569 818 287
147 229 752
664 599 847
429 992 801
333 83 41
556 873 536
192 892 164
225 658 996
361 753 39
148 581 536
232 714 793
581 312 5
395 520 312
912 953 262
345 210 926
618 394 10
914 551 440
517 989 129
3 948 887
498 933 904
344 281 647
879 950 465
845 656 527
42 992 802
687 391 879
391 52 971
688 610 155
134 793 467
425 489 182
444 1000 55
525 930 807
977 599 337
628 224 759
714 750 237
930 496 925
361 477 980
283 722 679
379 968 176
985 386 130
625 974 606
110 521 54
765 569 822
666 85 119
383 456 894
533 439 433
7 846 370
878 180 168
494 505 61
542 613 697
503 248 489
365 918 75
918 575 735
408 120 868
410 455 816
176 142 242
156 800 547
105 851 348
559 184 829
346 522 725
411 145 862
431 186 81
563 392 430
675 270 138
835 707 565
965 876 570
555 68 819
610 10 11
745 550 992
520 115 250
250 648 691
126 123 568
226 131 643
640 795 412
88 572 582
988 596 644
162 947 583
306 691 408
239 980 709
251 341 109
130 671 980
420 541 621
378 755 146
132 897 344
761 646 903
265 622 30
406 291 792
339 693 146
806 165 717
682 239 594
419 382 402
612 577 480
18 10 668
733 964 3
36 112 89
520 389 195
834 278 740
328 408 303
163 354 214
866 526 796
216 927 56
651 497 515
29 59 547
760 771 525
872 397 399
400 600 433
78 372 101
423 985 547
840 564 38
648 976 712
302 112 417
390 889 882
673 967 686
213 982 404
195 66 868
361 263 606
55 551 70
508 712 939
877 713 621
941 592 816
679 931 178
804 960 154
253 619 909
904 604 864
314 672 923
457 984 581
134 530 451
628 208 574
647 156 366
539 749 655
490 726 746
88 932 599
534 939 764
533 914 220
767 50 607
382 360 562
831 169 284
588 337 432
171 917 998
613 458 646
455 102 378
871 890 550
154 435 451
768 835 635
818 71 19
382 816 106
342 838 732
236 253 900
169 943 592
796 558 101
291 653 180
723 771 534
80 773 19
26 843 851
640 435 351
861 648 588
537 618 965
807 331 366
847 396 578
85 498 240
678 474 964
439 350 354
621 126 356
927 128 379
81 827 307
122 847 218
678 93 922
161 881 694
547 152 342
744 457 614
758 823 989
990 44 564
982 684 433
421 79 924
235 819 394
264 8 575
2 507 37
445 113 494
923 107 591
152 712 161
580 887 805
399 480 243
565 283 31
123 377 449
950 484 367
904 704 543
376 813 56
410 729 986
928 621 249
580 88 692
644 41 897
119 727 817
577 561 905
315 359 829
352 436 351
601 107 89
880 224 661
463 119 94
788 888 436
681 831 4
700 219 846
649 473 710
733 450 534
436 26 113
809 51 795
488 718 178
979 247 316
958 597 915
304 538 399
102 998 351
759 966 664
510 194 307
84 749 618
600 285 411
354 478 984
898 130 729
83 86 119
96 701 738
866 886 114
264 911 465
921 993 725
506 657 880
197 94 703
541 335 748
545 267 441
815 274 211
371 779 467
30 458 809
236 395 934
818 331 659
332 216 450
814 514 875
965 85 606
708 713 330
372 622 628
666 286 5
134 739 248
707 878 931
881 344 363
306 28 640
891 883 607
91 353 388
58 701 840
509 833 468
905 693 287
770 831 371
770 475 870
317 126 179
627 440 390
814 400 189
641 264 388
936 262 469
472 2 296
948 411 965
409 151 297
765 283 980
86 172 669
696 244 149
916 664 975
762 152 322
742 241 311
23 11 948
701 861 404
994 255 183
393 605 422
938 456 569
189 497 556
823 560 691
51 448 288
52 1 521
678 810 282
340 467 178
73 846 331
981 255 199
256 866 712
64 44 982
15 66 871
316 922 846
767 324 234
57 235 65
84 54 737
568 554 57
126 265 619
100 735 72
37 780 124
542 451 123
451 903 774
747 703 561
891 104 857
46 495 601
102 661 27
939 45 659
924 502 560
472 909 264
472 6 270
987 349 833
890 335 39
13 85 594
484 960 947
594 629 941
862 420 238
301 463 186
917 96 685
794 43 482
340 937 97
319 456 356
216 670 541
801 43 807
863 274 811
575 118 543
856 862 52
891 932 618
923 122 63
345 654 750
127 27 806
747 608 866
718 160 228
74 906 412
17 703 631
977 794 240
996 404 688
74 896 573
953 262 15
130 795 12
717 454 500
401 749 316
500 612 741
289 201 961
505 450 852
282 433 481
282 982 880
862 108 579
726 965 332
412 716 97
50 13 388
765 192 257
49 285 909
598 492 669
196 967 759
606 2 176
55 434 167
152 1 628
577 284 873
45 588 514
712 647 267
97 882 267
53 738 572
181 241 822
767 793 192
628 763 13
710 504 432
524 401 595
654 117 24
166 172 697
944 796 628
963 839 123
490 734 188
205 823 228
335 270 688
704 895 424
831 104 881
19 615 741
44 989 275
556 900 537
876 835 542
31 338 593
561 826 814
286 477 579
553 292 378
511 68 946
541 317 724
69 415 546
704 220 840
543 671 72
579 150 228
140 583 700
485 330 404
193 419 468
779 232 245
899 543 954
996 418 882
197 985 824
615 247 836
862 522 454
332 485 232
836 303 702
610 783 334
865 535 473
773 635 181
534 766 899
699 586 583
545 531 647
582 882 213
256 103 828
168 621 234
567 867 864
46 547 87
546 620 86
532 205 45
790 950 593
348 996 678
457 145 80
550 929 256
669 975 45
882 525 610
501 862 286
247 605 575
20 968 606
654 515 799
214 302 175
687 1 370
448 341 177
85 552 815
2 456 917
219 205 576
904 205 174
69 368 585
395 373 699
802 649 456
408 45 340
6 536 346
804 607 846
847 832 502
237 887 564
523 296 324
424 445 42
188 824 50
900 933 501
631 716 889
962 664 498
422 805 275
492 185 358
642 173 841
968 373 663
766 596 14
694 657 78
156 67 721
100 82 309
534 126 445
566 242 82
715 127 623
844 359 877
467 898 430
113 316 648
334 706 650
92 649 816
204 391 609
521 703 378
293 110 664
696 427 604
713 542 890
213 974 376
171 573 171
620 164 505
963 880 801
21 289 589
792 435 648
617 105 987
567 765 242
467 783 936
228 222 492
541 757 831
919 688 412
775 34 291
684 475 365
332 687 995
49 241 662
748 682 683
625 825 785
764 174 215
892 913 323
707 788 534
899 23 316
525 513 503
76 180 571
429 53 314
404 538 410
416 63 364
675 996 344
314 25 142
895 829 152
287 727 544
467 682 467
21 339 292
921 494 223
762 921 10
512 829 165
552 664 931
418 327 918
414 252 72
53 117 626
23 186 153
38 267 496
995 801 729
183 169 802
700 647 609
497 530 853
997 96 752
722 353 287
51 103 592
749 229 831
314 503 497
367 827 880
794 463 304
153 203 361
329 11 923
47 1000 838
34 461 573
79 930 2
15 209 892
224 783 879
824 187 895
900 430 897
150 763 665
313 795 606
319 800 85
925 667 206
473 316 572
448 595 619
640 964 977
173 248 300
319 486 401
234 188 561
86 786 835
315 842 843
27 420 411
907 397 433
337 283 959
426 726 607
370 376 328
223 81 377
64 221 698
629 255 209
638 172 314
578 447 353
818 110 894
223 614 870
224 444 876
927 817 985
564 771 799
146 63 419
881 798 244
77 243 500
703 749 756
410 562 573
499 313 520
810 191 118
861 459 174
774 284 688
355 701 849
412 926 656
426 593 37
404 418 300
517 265 256
924 346 891
535 493 132
733 710 96
722 646 280
266 655 513
861 972 953
491 405 932
953 833 470
746 563 968
817 986 837
137 316 896
451 942 197
133 818 661
326 195 372
564 215 907
771 96 619
976 564 100
265 458 549
98 308 338
864 148 259
748 118 437
827 681 431
418 634 346
37 134 762
813 519 638
910 969 349
452 674 114
161 560 853
693 884 534
21 541 149
980 643 307
338 376 156
707 92 450
38 813 323
949 474 905
623 735 329
858 243 590
97 872 969
815 211 99
520 675 527
857 625 978
693 187 707
471 33 813
553 557 128
827 930 310
950 787 986
207 793 910
500 322 985
855 461 728
842 965 320
530 13 956
501 307 162
657 867 119
36 52 460
242 569 550
722 841 174
801 630 916
967 305 577
741 197 141
427 168 415
95 911 41
220 791 880
859 325 306
698 134 590
121 255 150
470 520 517
320 866 62
344 213 323
276 536 818
531 512 180
88 972 631
938 178 730
770 416 288
370 179 641
953 299 842
416 551 975
661 181 625
161 727 845
3 503 761
967 828 783
575 872 613
662 125 143
498 592 168
11 644 232
39 594 690
253 69 918
711 585 726
38 255 28
204 261 633
750 830 735
711 722 862
935 924 890
929 720 861
716 297 454
771 736 423
68 962 383
602 405 966
798 331 822
511 577 676
525 665 375
275 931 418
986 110 421
76 110 48
801 664 858
159 995 749
16 157 307
634 332 929
22 783 715
177 318 776
761 549 959
738 184 65
734 119 567
20 541 500
145 627 489
55 141 92
841 525 902
724 656 454
387 305 269
887 949 580
729 879 258
840 749 899
966 168 785
830 557 370
668 503 778
116 427 348
250 880 16
972 480 651
902 238 726
653 277 537
245 805 826
586 87 208
595 736 593
48 475 273
324 524 327
980 467 709
571 67 713
176 339 383
277 673 197
545 67 467
522 427 917
289 543 216
382 65 521
517 850 435
447 940 260
339 266 75
557 340 585
104 563 723
711 326 107
846 795 237
96 824 644
94 316 23
53 264 705
914 916 282
96 417 851
365 299 224
828 154 232
990 235 395
900 538 27
377 136 57
9 629 664
10 434 818
272 257 148
94 205 20
43 47 568
733 370 527
475 739 218
966 865 2
920 1 305
463 376 698
720 200 64
730 88 665
479 414 11
129 907 833
481 754 742
212 283 486
94 832 280
461 735 844
27 348 763
934 651 862
400 215 122
875 831 257
496 999 325
53 52 202
552 472 280
196 427 773
704 671 590
60 757 309
968 936 741
18 282 581
103 1000 497
337 395 130
629 593 248
894 951 846
155 3 477
847 896 24
667 841 648
497 808 365
935 818 749
550 510 871
877 30 205
939 759 934
323 202 853
813 893 293
295 709 433
514 427 391
378 140 81
95 790 505
266 137 231
648 892 1
586 688 373
373 338 657
791 58 628
747 814 312
308 798 763
645 207 786
995 532 148
611 837 476
712 902 431
746 379 50
319 777 637
563 769 222
236 316 729
396 661 25
584 318 43
841 183 788
576 880 277
533 729 63
333 827 347
328 496 35
153 584 715
411 805 244
950 585 92
396 516 680
141 339 436
536 273 533
156 862 485
960 657 468
828 999 104
110 760 131
5 835 401
402 497 766
700 862 996
554 609 786
189 925 127
524 375 843
321 36 709
672 456 320
674 663 153
376 644 60
241 999 231
374 970 459
649 793 261
484 926 916
733 678 959
711 401 602
790 882 369
304 64 66
412 600 564
636 82 227
727 972 313
572 608 505
802 770 321
818 212 934
450 364 268
998 483 515
114 829 799
695 774 911
974 434 268
549 864 630
735 626 970
553 396 8
781 728 95
764 775 53
603 224 841
587 566 805
629 74 453
221 90 953
700 295 28
74 570 544
719 132 947
351 529 73
646 723 41
285 321 433
679 254 589
81 411 42
141 900 932
952 704 486
608 963 42
548 577 111
502 551 660
776 850 218
851 773 359
405 418 178
815 118 432
132 592 641
217 272 835
305 793 249
427 612 369
601 84 743
143 756 757
614 534 848
200 702 786
136 20 1
488 910 148
753 780 796
747 511 531
165 859 338
446 752 84
522 866 915
888 526 825
875 953 155
911 609 568
620 669 458
854 179 892
697 377 793
745 86 155
878 44 628
407 599 955
234 342 573
3 986 583
411 798 511
911 354 632
722 819 483
615 240 580
888 785 550
158 110 535
385 343 875
493 747 766
962 801 86
555 756 317
423 680 722
491 140 322
537 395 640
4 404 720
512 357 106
742 8 266
116 150 882
349 901 182
460 109 213
932 960 141
610 23 106
534 925 165
559 943 135
403 128 517
140 188 776
272 477 683
211 57 125
227 3 804
860 449 90
204 268 134
761 932 35
489 816 454
139 938 659
523 634 363
447 943 328
472 511 194
203 43 890
592 403 732
198 554 306
683 355 714
513 425 522
569 839 710
314 423 192
153 768 878
823 282 549
221 142 805
224 946 403
92 85 588
368 136 875
241 5 613
817 153 843
986 196 565
152 224 612
694 279 543
341 733 567
617 767 729
866 417 206
759 453 789
403 824 271
716 476 407
44 710 316
364 247 668
298 872 215
62 337 98
191 953 828
496 121 521
489 169 153
238 955 308
166 841 446
168 158 25
455 885 401
52 854 177
741 217 873
476 399 824
563 321 596
27 227 153
668 560 561
389 206 39
313 558 405
805 855 971
580 896 432
36 566 514
92 522 622
155 41 168
169 375 318
808 970 710
63 433 817
682 498 930
798 288 597
252 880 802
535 522 465
689 332 266
88 58 54
903 632 65
879 702 107
188 658 964
496 901 423
165 8 890
811 526 957
328 470 714
969 803 648
806 703 69
539 619 533
999 369 690
533 920 664
458 339 516
713 778 409
586 659 343
774 809 302
767 56 992
665 823 336
792 735 808
210 585 933
700 498 387
383 774 798
648 220 159
260 4 214
637 73 527
993 680 72
69 493 720
909 22 693
449 918 55
353 760 499
732 990 277
778 646 374
983 110 350
458 776 65
987 67 299
796 89 565
603 918 423
637 550 222
679 951 307
143 34 414
622 24 433
440 560 407
492 730 861
69 389 817
187 846 972
415 171 952
161 447 742
781 792 291
341 831 837
913 139 486
822 545 193
528 575 848
13 135 276
133 929 457
432 134 121
208 381 116
897 150 400
123 930 342
528 672 446
848 46 315
600 483 947
780 487 911
352 2 270
171 316 852
189 155 199
800 555 736
842 248 724
736 856 147
685 613 542
886 473 627
999 326 756
140 640 690
797 907 912
320 317 331
804 596 280
972 456 823
276 515 84
607 970 915
349 207 565
596 808 842
311 239 906
434 329 443
819 414 308
938 803 840
130 729 855
44 928 727
560 577 597
305 408 525
224 738 844
611 34 979
734 721 310
227 599 816
369 283 717
633 931 638
127 963 887
667 321 621
390 72 649
796 254 162
23 156 941
934 383 621
685 509 553
417 403 202
158 471 999
661 474 855
558 34 294
599 149 702
315 466 793
681 629 994
718 125 705
696 291 682
977 444 999
282 149 857
142 236 565
972 52 551
12 614 318
552 102 975
77 962 574
292 427 780
38 342 785
470 410 484
994 578 670
757 325 230
202 152 366
247 180 70
795 720 802
708 535 770
946 750 683
273 390 325
349 852 725
632 914 521
768 842 127
482 52 318
331 710 896
794 408 501
134 290 900
323 15 191
749 520 824
719 494 845
666 187 347
147 802 517
723 921 829
152 29 830
601 616 886
864 670 965
18 408 338
384 826 536
475 602 803
803 502 532
622 56 123
774 3 506
322 193 559
345 83 234
945 234 92
917 80 663
469 550 836
416 725 617
792 540 581
868 42 755
532 643 443
179 871 121
525 528 568
114 270 172
711 187 660
223 785 437
456 102 751
811 387 917
671 176 102
369 107 99
85 674 159
808 994 517
840 476 946
117 38 457
831 255 113
971 421 223
966 453 17
32 859 882
606 797 715
399 721 16
651 30 568
955 491 138
213 573 303
787 903 813
374 874 630
249 865 7
317 396 220
495 791 427
4 801 680
764 344 408
76 509 201
170 184 362
266 116 646
835 783 833
217 116 120
533 448 996
814 132 822
604 364 854
69 563 200
923 820 695
810 66 615
248 292 83
383 377 281
293 478 908
2 476 158
210 793 377
264 975 248
898 819 179
8 730 68
713 22 970
512 360 235
145 504 992
171 414 616
589 728 902
85 643 271
369 136 770
239 664 941
596 957 193
172 405 897
903 806 721
286 732 966
851 660 738
542 495 377
319 264 220
303 833 106
162 92 321
90 552 330
142 895 274
334 426 345
116 105 387
762 295 864
144 269 417
62 671 584
256 242 654
483 218 279
98 784 224
125 117 208
112 133 589
405 999 599
874 513 956
408 332 441
215 510 392
888 672 623
115 950 739
546 76 768
377 30 125
993 751 542
371 991 396
795 905 495
284 225 758
646 474 916
470 625 570
783 972 470
619 513 934
203 795 564
349 832 54
481 906 691
709 233 236
260 451 12
173 947 882
249 803 63
785 150 115
807 761 831
877 552 631
817 291 939
610 928 261
905 633 365
265 689 216
103 615 919
878 171 668
299 116 36
98 226 206
666 158 438
613 211 807
759 597 484
552 978 28
309 805 475
727 150 171
838 40 163
553 835 117
380 774 63
84 69 478
554 690 695
774 668 777
232 363 919
297 586 492
266 259 222
503 540 805
753 604 968
926 290 24
832 434 419
393 960 818
666 783 760
521 1 367
169 238 620
545 979 139
106 510 777
704 964 457
376 914 586
651 774 270
537 719 336
796 451 116
618 430 913
147 486 841
910 927 81
351 718 634
261 266 619
423 447 137
182 6 875
170 449 487
566 827 467
561 326 49
792 744 402
679 81 493
899 130 121
818 606 259
562 988 592
228 52 589
749 581 997
76 575 631
940 198 571
845 562 421
572 294 585
354 258 488
415 443 493
304 86 70
374 255 313
619 543 819
111 568 619
870 502 817
617 891 179
282 914 897
803 319 468
453 84 983
848 559 422
191 739 442
836 673 363
836 808 697
660 977 235
242 974 853
745 283 746
211 490 278
835 910 819
737 522 267
640 89 519
218 989 681
776 620 715
507 495 816
380 788 468
759 648 985
444 732 733
304 509 633
376 898 671
758 569 228
459 14 601
831 639 679
713 821 4
782 428 629
34 676 68
1 77 247
518 825 507
456 427 176
193 681 867
876 349 393
47 490 337
121 12 207
192 434 769
219 928 861
529 571 150
689 761 875
510 689 648
153 786 811
295 359 215
175 584 803
775 922 55
945 723 668
729 742 240
924 135 178
931 6 739
585 416 360
127 396 420
663 84 343
85 625 944
459 329 470
395 368 83
749 652 300
641 634 655
204 989 30
57 555 79
393 85 470
545 234 106
225 367 738
134 40 699
163 677 434
610 58 246
837 468 404
20 571 546
202 20 247
238 631 707
887 366 656
486 464 671
816 928 316
24 449 363
222 162 484
898 989 789
904 828 555
194 253 781
706 711 759
587 748 73
117 258 410
294 187 550
992 234 567
849 236 455
807 710 181
612 586 556
555 1 795
799 983 151
494 729 390
4 172 849
179 260 761
746 814 975
635 174 60
36 772 421
244 907 621
383 413 689
355 114 101
882 182 428
104 815 599
939 452 426
638 668 38
234 501 162
57 342 74
954 372 741
568 722 712
126 111 738
283 539 48
669 322 623
89 525 397
910 439 492
635 842 604
208 742 53
825 941 325
702 882 306
703 155 985
108 132 776
298 251 239
740 279 840
601 610 945
720 419 972
525 841 297
325 523 880
132 993 663
671 627 623
256 533 793
273 619 338
264 683 853
713 516 103
446 222 268
268 295 247
811 87 986
867 510 295
813 589 461
369 523 538
282 174 683
615 510 432
868 692 20
530 872 837
101 392 277
343 100 754
2 776 875
824 801 545
82 960 127
4 745 624
653 911 677
848 809 421
393 421 396
801 195 941
971 418 243
904 409 75
534 198 684
794 860 436
810 419 283
410 725 463
1000 608 657
287 312 314
457 30 438
887 822 97
895 354 93
526 483 388
70 281 540
346 265 800
829 13 640
186 791 66
211 757 827
823 360 576
250 831 557
716 981 916
451 880 15
989 133 615
84 274 691
251 559 360
504 620 674
977 896 38
846 17 934
892 798 312
697 605 329
508 46 847
372 420 673
781 509 304
157 900 574
255 892 776
346 536 470
96 244 919
842 609 205
646 43 52
300 934 929
894 814 580
710 289 836
658 405 50
154 122 435
764 525 651
680 256 387
299 162 456
253 724 932
452 683 10
983 654 416
860 238 270
384 140 30
827 198 216
442 406 896
376 798 681
153 103 651
99 40 467
878 329 50
876 104 579
171 623 45
619 697 536
917 208 527
114 637 968
275 568 665
913 267 996
758 10 133
518 315 997
940 262 253
719 295 585
616 289 479
578 745 879
16 242 949
25 511 514
206 381 295
173 149 596
940 891 361
368 203 561
623 642 114
113 812 739
795 139 401
37 986 305
33 92 720
274 760 324
757 20 607
740 275 949
67 418 828
381 457 176
839 520 427
15 624 887
652 782 563
149 741 503
466 877 789
698 575 831
730 9 265
976 632 954
647 635 518
74 437 744
278 515 587
517 614 505
578 508 163
158 35 693
342 98 860
828 674 328
793 129 55
752 432 531
461 728 889
358 955 194
456 339 729
184 335 880
289 986 825
540 570 267
131 560 899
152 88 768
937 932 286
46 170 533
931 28 452
36 505 234
807 141 613
188 599 166
247 256 233
117 713 227
655 597 767
778 423 432
979 339 564
53 767 174
93 674 230
722 191 454
174 857 949
224 731 76
506 69 610
859 622 990
303 80 365
250 429 685
961 347 745
169 711 528
517 991 425
766 136 916
52 664 917
43 310 230
153 795 693
773 823 255
907 673 319
624 551 401
800 222 430
803 497 21
207 489 419
843 796 38
691 535 566
436 346 804
40 763 313
599 518 619
999 896 382
779 188 709
113 157 793
108 362 243
550 288 600
872 726 835
617 898 394
960 76 1
833 640 447
331 736 667
841 969 479
341 941 797
297 782 238
802 111 123
400 462 322
581 34 812
860 557 279
510 464 59
483 394 30
33 492 213
806 671 68
329 984 904
174 512 929
529 975 338
631 273 3
57 564 670
16 254 2
267 409 293
171 815 159
998 749 306
245 828 341
653 745 341
270 222 735
590 483 296
88 367 299
73 356 963
967 934 107
782 326 691
242 812 625
320 406 613
690 889 574
380 290 39
841 862 832
191 334 367
140 723 647
125 530 562
465 268 104
988 288 729
521 6 769
925 531 426
96 91 219
737 915 358
62 353 603
233 516 757
544 846 930
729 956 319
582 71 544
639 785 616
552 899 267
528 80 524
473 283 994
786 637 307
527 831 692
252 371 786
129 518 179
673 953 135
416 168 588
467 163 398
74 10 911
895 156 319
320 57 687
249 913 433
542 674 835
28 147 108
196 779 53
112 575 347
638 65 880
219 175 41
169 716 790
937 90 46
681 28 860
499 892 477
532 406 827
355 603 914
694 736 937
307 744 64
35 51 624
728 626 501
122 37 518
525 786 293
151 410 462
816 48 784
77 929 54
759 476 727
39 393 713
877 437 568
163 944 124
582 647 834
721 603 472
102 37 319
830 454 301
380 932 461
500 351 104
702 654 483
162 897 89
306 785 912
904 986 978
301 774 88
583 830 485
772 284 846
991 620 340
367 632 809
588 474 522
533 960 757
44 847 214
131 654 547
821 521 146
703 990 45
664 320 260
468 602 259
64 118 416
713 865 410
166 609 756
225 152 378
844 598 801
772 802 893
160 71 865
701 892 295
862 827 17
79 366 531
551 362 151
599 347 187
611 164 807
622 244 405
769 326 283
976 702 407
679 479 927
810 57 986
683 710 131
457 988 378
827 320 273
315 104 892
920 357 727
771 198 428
598 676 419
394 553 482
465 69 380
881 555 456
393 931 239
667 846 436
496 749 535
759 281 298
632 665 392
609 583 327
491 920 460
757 212 245
136 594 144
65 952 196
879 938 248
864 837 420
617 938 941
544 99 898
512 824 693
671 300 98
542 518 137
829 210 883
362 540 179
764 549 754
772 552 794
866 479 785
130 103 55
598 325 647
562 21 108
961 808 878
663 620 149
965 394 937
484 40 695
933 717 863
253 157 737
719 951 981
631 500 131
118 213 839
770 84 548
286 237 734
132 487 719
35 942 116
993 856 524
586 745 538
164 960 67
884 140 627
227 656 85
455 888 699
571 459 179
398 956 51
626 861 972
329 486 103
823 348 425
850 397 489
949 28 8
914 764 121
828 701 943
772 451 656
690 252 763
259 624 197
137 542 790
672 148 329
859 877 249
217 809 627
924 828 158
58 227 994
542 161 344
7 394 842
38 737 140
217 894 513
600 234 974
310 829 820
513 68 394
876 201 527
779 529 855
170 207 625
999 364 308
12 277 455
749 825 526
772 277 823
434 5 762
501 413 188
523 403 194
326 643 836
867 463 552
900 917 843
702 838 326
559 811 477
693 480 752
54 125 571
705 2 783
645 424 953
135 712 295
531 224 627
863 791 671
42 604 394
932 297 616
945 994 48
605 511 782
570 180 407
585 581 6
669 661 448
247 37 719
458 709 335
34 967 694
853 3 509
122 583 662
536 942 543
213 949 25
332 692 559
95 871 297
766 530 409
934 304 938
188 96 381
254 679 897
268 516 514
961 137 362
581 607 977
189 320 59
656 568 20
356 280 216
807 384 659
757 756 446
227 94 957
668 527 110
908 750 200
297 809 110
748 138 530
266 564 955
446 168 101
976 397 122
606 485 753
238 234 130
597 186 775
713 440 74
5 187 223
183 448 300
352 77 247
410 225 215
220 566 809
627 181 605
96 117 565
789 244 625
706 599 430
115 945 728
188 600 638
105 798 193
536 619 505
569 376 935
160 709 403
627 661 832
616 215 959
391 98 346
259 713 371
154 173 768
661 918 642
486 849 765
341 599 144
313 206 607
157 577 746
117 502 463
335 799 37
258 364 362
352 921 437
317 66 63
269 450 990
167 352 406
969 176 641
475 620 507
95 646 144
302 61 941
33 206 630
853 78 119
672 140 992
57 959 566
998 186 529
823 483 680
171 116 690
965 887 335
595 671 83
45 371 988
873 566 957
570 78 979
644 115 58
356 571 335
100 739 679
548 967 148
391 824 122
439 581 994
225 455 342
136 67 168
573 372 642
555 300 823
695 848 840
588 23 822
787 598 262
817 511 304
285 421 732
641 828 224
221 444 304
399 857 719
230 318 119
709 533 405
454 358 297
163 488 134
924 875 171
835 738 945
276 992 475
580 27 21
35 745 942
105 237 790
435 453 897
17 954 406
87 260 239
475 12 886
407 561 912
3 974 178
387 420 435
620 344 16
262 839 350
86 428 483
834 277 49
144 351 815
97 187 883
244 530 359
568 657 224
13 336 97
656 106 184
264 756 783
30 305 219
933 48 882
283 90 442
610 781 95
29 841 393
298 881 898
84 19 697
884 225 434
882 510 745
44 982 135
603 913 574
321 414 388
10 837 667
169 804 449
251 245 757
99 795 549
906 679 688
679 503 71
577 86 868
617 4 924
827 220 614
351 123 481
206 354 447
3 808 408
734 220 972
943 963 7
263 757 437
529 20 605
168 785 262
550 48 823
310 606 71
30 115 176
881 388 746
828 706 736
235 431 791
806 771 216
556 769 60
353 599 12
448 254 165
316 523 621
44 251 50
479 317 773
44 96 554
895 252 687
112 82 109
319 679 118
549 312 278
344 31 678
643 980 980
45 516 594
754 976 477
569 784 910
758 678 6
16 459 310
10 296 670
125 516 474
880 170 33
378 901 100
55 948 971
884 172 948
23 920 537
659 947 844
293 445 275
309 962 688
548 133 180
770 833 161
916 250 65
158 49 760
847 852 985
29 874 56
447 515 50
869 960 989
978 806 302
66 625 558
238 103 578
322 211 162
746 594 212
14 461 140
334 430 153
837 344 442
331 209 119
519 701 424
373 118 252
182 714 517
985 532 220
954 106 966
906 209 110
234 902 262
748 253 993
484 314 470
594 22 612
979 749 10
586 456 781
696 115 213
572 529 959
360 174 492
541 245 22
928 346 43
49 591 162
136 526 24
69 554 172
670 99 908
514 918 189
858 658 749
574 442 671
636 990 98
851 293 237
356 753 288
851 433 10
567 841 273
429 400 319
227 339 762
601 477 224
396 741 548
354 466 255
590 110 210
421 841 780
130 624 470
837 626 973
940 210 727
864 147 175
587 88 60
745 65 34
816 631 410
247 652 120
500 430 50
197 786 906
40 129 1
903 107 714
133 476 860
184 740 218
51 344 539
445 591 894
620 322 786
384 680 904
404 297 619
605 405 681
815 651 44
134 660 212
643 331 465
104 611 109
901 85 828
516 376 615
936 66 707
877 161 756
553 168 69
498 763 447
138 968 690
851 22 559
125 635 827
992 158 189
435 806 506
285 486 164
521 810 467
28 942 660
424 948 470
671 854 642
960 942 931
480 913 956
408 490 135
652 937 290
307 920 581
531 780 53
530 342 979
900 734 979
906 504 130
751 353 327
829 822 548
752 299 654
874 619 457
336 903 965
275 369 789
113 70 184
42 477 72
412 451 635
701 800 30
863 777 607
890 679 503
85 368 580
289 568 138
593 364 274
154 534 722
858 804 893
937 50 548
858 55 73
402 616 355
174 364 446
193 768 487
676 202 69
41 802 553
993 908 541
138 545 276
685 978 478
920 593 683
600 561 911
883 406 807
684 831 495
734 135 273
330 35 589
881 903 190
889 648 48
3 998 589
553 496 634
329 633 6
479 921 712
991 272 129
894 852 722
382 271 458
252 247 917
518 672 568
210 701 224
131 463 793
853 951 106
667 519 211
285 6 488
447 128 797
229 294 875
336 161 656
315 623 447
31 25 897
955 185 975
202 553 35
471 942 488
747 80 791
446 656 181
287 828 179
799 742 572
870 950 584
630 123 945
287 18 813
980 215 692
614 156 178
426 563 46
428 937 141
136 581 709
962 280 972
915 186 111
393 229 113
759 608 2
206 963 52
772 457 120
993 290 586
807 367 421
667 311 775
573 499 854
747 903 454
811 228 571
473 408 827
470 921 907
328 760 242
52 294 61
528 168 424
985 35 541
412 924 371
623 126 425
931 36 265
295 207 968
313 761 978
959 21 930
470 355 624
248 347 61
9 381 95
253 748 108
894 245 816
769 34 300
857 256 12
826 107 434
400 407 455
344 511 652
471 665 728
572 12 808
561 697 870
360 740 97
135 846 589
905 182 928
734 48 481
237 942 50
89 282 25
677 873 624
225 495 387
666 55 514
574 258 500
106 610 51
835 90 955
477 30 402
474 109 603
888 104 699
889 916 389
945 712 343
18 934 994
907 261 466
170 95 967
736 976 405
691 637 571
873 576 393
100 602 469
826 178 327
879 888 895
543 245 509
304 960 817
547 446 445
297 20 386
843 826 732
826 46 836
229 794 250
414 457 931
743 314 861
241 670 156
387 728 604
648 41 899
953 409 7
333 115 300
28 658 895
648 886 335
45 596 444
991 288 963
577 140 138
233 323 577
431 729 625
811 993 679
466 439 370
889 92 855
157 441 708
979 238 552
953 70 293
435 139 88
886 558 563
611 689 618
384 13 511
893 725 919
778 974 350
938 970 60
580 730 722
177 812 113
241 865 126
602 979 364
445 839 296
616 692 86
32 98 192
556 61 457
566 551 344
715 677 855
304 325 835
174 684 971
812 661 996
857 162 885
733 231 303
281 600 705
576 71 647
951 969 896
966 57 93
392 701 718
312 321 588
727 412 651
726 464 222
120 820 601
738 592 578
766 416 588
676 785 637
928 229 753
618 770 235
903 479 737
634 23 226
793 51 652
910 713 204
111 637 45
119 696 105
854 761 575
631 973 361
130 50 25
640 992 894
898 38 124
365 864 980
814 365 718
952 17 482
91 93 612
27 732 87
264 954 554
58 317 725
772 670 624
753 975 827
501 614 886
262 844 508
264 844 781
314 328 920
221 87 66
600 637 461
836 423 516
392 255 732
849 459 973
532 695 282
852 145 769
658 968 195
446 124 276
630 508 226
150 238 931
572 745 855
84 558 852
821 249 772
524 849 373
982 338 388
392 983 751
538 139 577
971 165 838
157 252 605
729 459 162
618 843 105
18 198 881
709 929 912
506 446 932
737 362 266
585 147 318
685 781 694
471 584 618
852 344 84
142 101 160
727 995 114
84 31 943
781 896 758
171 535 881
905 211 448
915 482 93
685 470 852
557 257 912
845 22 701
488 510 509
734 802 833
298 877 512
45 512 63
923 232 367
518 484 536
960 689 710
26 790 864
403 931 884
293 633 592
970 753 593
633 755 562
489 193 224
399 452 520
104 803 247
497 916 705
291 740 470
667 879 922
250 248 358
830 813 824
696 725 523
574 432 585
257 374 440
729 853 833
682 721 106
758 52 686
933 549 85
336 657 435
46 281 869
544 992 448
603 160 561
214 710 608
582 190 183
69 5 37
266 830 989
765 950 963
633 313 153
626 820 991
803 451 747
451 780 84
532 568 504
551 878 102
799 904 340
811 653 928
231 63 770
255 130 842
218 171 892
89 393 779
495 399 538
642 264 411
330 105 166
155 276 148
437 316 370
337 114 712
274 545 274
507 45 976
401 502 598
55 518 981
45 105 512
109 619 454
971 981 677
623 614 470
667 188 64
325 395 706
872 876 692
57 8 174
644 974 564
56 116 567
926 783 848
693 35 187
184 883 344
353 36 150
358 399 293
154 759 174
786 24 412
428 718 119
85 110 546
728 481 351
589 997 126
833 591 821
308 534 212
871 306 694
251 317 91
616 69 181
311 381 916
539 290 851
349 233 224
308 600 666
629 307 480
235 284 180
251 763 706
409 597 933
178 761 21
745 932 557
693 181 32
365 223 992
404 954 869
275 358 24
792 317 10
617 389 878
394 812 113
287 968 108
38 995 312
317 875 539
644 270 262
235 880 646
527 551 565
447 443 885
891 158 249
549 756 547
936 295 86
377 914 35
965 272 341
318 313 847
962 361 181
179 223 118
898 138 227
103 776 472
793 512 709
150 270 101
197 257 158
793 955 317
396 650 735
753 561 387
698 320 443
110 294 714
514 580 187
117 566 426
499 36 761
374 44 914
276 261 26
436 10 614
742 981 337
618 500 193
309 848 271
698 208 83
699 920 916
771 113 377
415 259 446
110 759 497
61 153 430
239 388 626
336 481 975
48 606 345
193 222 973
996 373 389
328 568 447
895 316 555
811 166 19
931 889 236
657 17 258
738 829 185
110 99 695
435 232 421
65 842 176
227 825 745
320 187 149
648 92 310
328 344 635
142 112 84
242 203 755
359 784 499
58 834 241
647 949 920
730 447 705
236 643 607
591 481 543
762 883 518
731 982 22
996 734 36
670 326 129
908 208 484
469 612 279
664 800 995
230 200 151
509 110 334
933 741 212
318 723 992
252 666 84
965 486 317
300 236 35
416 913 152
959 631 297
817 162 616
682 926 251
209 855 597
106 866 299
667 850 955
926 222 601
64 482 610
833 963 816
199 894 836
783 536 882
874 858 870
157 981 306
276 754 882
691 884 569
432 866 708
155 583 242
249 10 938
40 936 189
808 306 735
24 115 972
238 768 182
742 974 724
311 853 23
556 47 423
105 657 285
170 941 544
691 751 683
767 36 740
296 299 847
56 628 794
415 62 390
279 51 664
721 941 665
617 73 637
878 365 978
121 777 156
768 989 930
154 601 124
776 515 504
752 579 437
710 517 504
148 777 708
419 195 737
60 699 144
432 735 399
750 126 156
368 192 617
466 674 779
999 258 579
729 530 606
25 510 96
669 619 732
940 761 355
991 906 384
999 121 519
47 418 136
575 961 223
130 506 522
83 483 361
279 352 275
705 925 770
286 355 371
465 485 407
828 638 851
244 549 558
389 242 828
9 62 979
755 12 530
731 92 93
350 12 38
85 914 251
647 827 836
738 239 700
674 874 887
996 505 211
801 619 612
82 912 850
808 369 387
86 717 43
681 727 585
164 85 359
689 194 552
107 169 771
917 394 475
726 754 211
971 447 92
503 942 503
862 682 936
244 724 134
343 162 57
732 322 908
537 955 813
221 817 594
545 768 346
265 958 598
685 171 631
321 273 915
800 287 328
63 254 347
224 873 885
366 611 108
213 917 786
406 618 948
220 772 445
362 338 229
427 547 586
941 452 325
915 339 463
785 180 557
206 246 59
57 90 427
181 685 335
617 673 837
441 445 200
390 643 180
818 857 449
562 470 106
985 955 833
540 892 96
341 163 422
391 43 471
980 515 449
32 908 128
584 433 739
368 124 80
738 769 455
895 795 97
280 91 250
266 700 410
96 141 683
479 33 289
613 389 310
807 438 318
174 109 110
598 151 309
919 542 417
210 11 469
882 911 216
771 459 266
247 794 119
894 119 911
547 535 57
856 919 968
855 285 825
504 677 291
1000 741 77
198 616 477
946 851 777
844 680 827
825 98 759
139 37 474
700 938 946
181 251 677
13 182 828
256 376 164
100 847 820
883 692 789
8 279 410
952 957 486
677 970 361
290 192 181
42 396 10
673 534 600
996 895 263
99 26 238
72 626 87
547 726 6
738 354 591
717 203 25
232 651 253
565 278 199
651 481 758
234 959 270
480 508 452
100 789 246
231 668 225
926 486 87
791 576 204
806 576 36
18 400 926
419 740 395
323 310 714
277 333 502
578 989 234
192 813 697
733 408 361
291 835 789
393 457 728
786 613 693
365 405 840
696 865 430
982 48 558
774 445 203
508 44 584
483 296 774
916 949 89
198 174 296
33 925 803
41 54 963
844 682 752
664 995 239
1 779 811
924 118 619
37 892 441
781 681 604
443 420 902
710 912 994
919 729 812
326 853 383
880 913 408
790 222 66
238 395 555
946 299 200
706 834 408
361 26 57
786 334 224
330 528 815
296 885 460
660 240 515
999 548 226
127 250 285
272 940 430
607 736 633
692 691 901
498 701 368
667 588 3
998 574 555
329 69 484
839 154 75
36 65 960
128 396 675
800 321 877
787 997 460
253 390 163
343 151 25
222 146 892
708 335 217
498 875 123
380 887 915
259 817 17
150 565 260
14 426 230
124 614 565
130 96 580
444 777 628
322 914 219
518 365 448
103 389 487
690 107 555
893 928 428
322 368 594
375 96 905
306 964 850
403 836 270
958 806 857
795 584 234
610 699 611
564 230 520
660 422 743
640 930 273
132 277 518
500 116 485
703 569 713
880 865 59
600 345 799
303 697 609
155 48 906
243 974 256
277 250 823
778 64 234
266 362 732
77 170 45
746 234 88
598 274 541
366 242 369
713 704 271
795 566 100
144 88 944
363 259 916
703 954 969
192 777 831
761 730 702
63 106 973
849 105 519
439 220 479
571 134 63
786 559 358
348 133 394
718 989 351
480 362 604
536 198 48
432 285 258
4 686 163
896 349 259
271 135 978
270 527 104
407 270 419
325 896 809
171 927 76
182 62 556
498 423 443
851 47 158
470 617 945
624 279 631
270 533 515
544 637 23
896 879 490
80 599 917
833 64 803
489 307 129
748 758 52
524 587 76
898 211 434
741 339 823
100 380 514
269 72 188
506 911 191
344 798 533
95 82 89
858 839 933
638 857 589
493 290 467
209 921 506
448 473 973
395 277 303
509 967 625
92 672 540
997 975 827
78 678 80
103 551 984
211 797 441
822 432 698
981 620 376
989 211 653
335 499 324
858 806 846
962 296 305
392 50 765
772 251 458
681 253 102
981 325 678
325 504 859
834 998 837
112 461 262
418 961 20
479 455 175
690 187 616
931 376 961
332 787 664
433 64 249
36 580 665
153 939 498
91 607 742
657 221 714
803 321 251
377 206 26
10 931 916
82 229 590
41 776 930
81 50 632
894 306 86
799 919 75
242 763 967
769 184 428
459 707 982
512 342 119
906 240 816
650 691 379
374 250 632
732 102 962
693 576 969
553 180 731
789 737 224
569 441 515
876 486 426
147 933 682
330 821 897
305 9 441
577 199 181
856 26 866
599 481 179
962 632 656
976 367 902
972 708 476
77 730 628
608 687 569
249 812 385
617 231 712
338 89 343
33 859 126
51 48 995
429 924 607
484 688 542
631 607 198
855 937 785
451 487 547
460 163 680
260 651 461
861 987 888
5 712 199
823 787 957
693 433 554
861 394 965
917 183 210
215 209 908
634 311 552
852 122 600
527 95 532
904 295 79
215 306 249
439 14 297
654 373 206
53 735 41
213 361 335
653 343 304
652 13 220
839 564 972
729 88 206
989 592 834
752 388 960
484 244 221
723 140 704
800 82 834
150 814 455
641 270 163
903 608 300
440 409 649
324 725 652
567 744 570
922 142 978
386 301 762
700 538 796
995 127 706
846 200 581
862 331 588
97 182 378
144 315 57
470 579 939
98 438 168
888 218 82
72 57 689
38 832 256
657 743 20
127 591 257
680 167 595
536 201 419
910 490 466
291 982 131
346 374 306
209 311 629
572 37 386
505 91 947
794 389 938
772 202 143
256 765 100
669 722 824
801 350 146
499 995 992
891 565 569
436 588 523
597 664 223
50 894 433
699 623 62
784 163 306
914 241 245
153 277 477
900 379 827
316 398 578
588 79 330
554 641 442
907 25 861
97 487 455
591 168 461
675 25 414
624 731 21
515 597 593
635 1 410
143 913 742
784 106 180
992 332 51
886 495 951
763 106 502
465 964 98
761 92 694
37 728 623
914 920 294
394 411 237
596 969 990
988 345 503
372 367 863
402 920 569
137 197 372
16 48 122
24 293 442
148 475 982
841 527 424
57 784 76
473 521 718
544 742 669
758 303 531
167 712 561
683 475 310
927 494 553
354 986 666
992 77 712
33 253 594
227 971 23
575 522 158
801 322 530
759 9 191
453 93 559
174 861 405
731 943 636
763 951 641
847 165 413
613 805 248
999 858 859
232 994 288
238 355 393
998 406 470
272 59 794
37 85 368
237 174 203
745 720 845
975 99 162
172 626 111
981 839 716
680 275 28
724 898 968
260 347 494
928 279 945
345 228 336
178 1 809
425 187 42
823 611 839
883 150 658
167 103 99
736 93 73
44 305 773
342 531 555
168 992 768
17 628 536
879 414 869
539 474 107
643 687 57
974 99 49
123 549 24
393 943 695
162 736 992
880 340 632
745 885 760
927 627 324
107 907 445
110 398 41
657 668 245
624 708 215
143 630 557
849 239 488
20 237 919
518 198 917
817 406 98
217 581 938
570 790 917
238 673 742
952 86 122
883 64 280
671 876 34
454 722 338
618 980 704
521 598 384
458 936 820
619 960 992
288 42 768
360 629 853
154 590 469
254 403 173
170 878 501
66 937 633
907 222 696
703 141 242
530 279 918
944 395 770
417 910 329
102 881 284
111 171 914
854 341 108
35 776 221
575 232 116
86 887 49
275 238 889
477 43 397
183 16 182
919 243 422
6 980 281
600 246 950
187 190 205
391 114 822
493 88 817
498 298 843
383 160 791
940 491 765
644 209 450
484 893 490
518 554 329
458 820 118
914 77 802
949 536 802
200 128 22
687 487 445
504 309 355
589 438 786
409 262 937
543 325 165
407 666 266
311 803 325
182 772 537
29 657 326
381 364 896
889 471 762
134 74 11
954 301 338
888 423 943
363 179 689
6 973 802
211 67 871
345 395 344
212 319 547
442 42 267
114 589 905
295 555 145
175 900 650
23 230 597
754 211 487
598 322 936
506 748 621
968 767 786
461 596 728
811 389 140
278 670 716
456 867 491
577 540 200
693 723 752
473 700 702
483 163 758
501 2 14
383 95 675
982 871 663
182 362 799
522 426 2
1000 991 418
669 467 255
829 150 317
630 740 798
856 104 960
385 714 820
724 523 92
77 999 682
598 338 369
430 965 401
108 847 14
945 798 225
106 612 373
872 18 28
125 411 495
481 616 306
524 297 563
228 656 632
645 700 714
508 781 231
247 8 842
131 397 619
410 373 860
172 159 553
78 391 569
404 917 405
455 354 733
977 717 131
402 635 13
524 693 588
654 241 517
702 912 168
423 172 372
730 121 714
465 269 628
433 416 1000
106 387 813
73 392 96
404 920 6
533 881 335
554 516 631
866 36 549
910 387 612
639 951 455
704 95 438
941 95 829
916 586 715
106 407 208
257 182 846
96 336 43
577 709 9
156 107 200
727 498 258
321 52 191
982 611 178
38 401 864
636 10 354
280 148 947
132 627 143
472 849 774
96 896 963
268 623 476
576 973 543
678 562 102
306 972 496
768 885 646
636 705 977
407 340 34
595 239 853
871 669 756
349 23 933
839 698 5
339 466 740
309 525 998
236 165 610
71 41 999
292 885 437
516 93 842
402 376 241
540 481 37
264 718 860
967 650 193
279 771 491
556 864 559
867 841 597
599 608 970
493 384 790
59 102 149
7 622 820
564 690 360
101 745 895
388 393 357
366 527 372
407 975 40
56 271 820
566 200 781
983 862 94
889 839 966
116 449 900
143 408 454
822 502 940
650 265 699
950 570 722
346 229 625
977 872 596
287 961 777
778 27 123
475 937 421
351 326 985
841 28 950
28 700 704
222 331 672
381 378 466
283 364 338
119 71 940
561 440 96
871 782 623
577 778 513
248 367 738
86 319 605
930 736 147
478 766 359
35 589 948
249 634 162
506 630 932
624 49 547
552 228 738
696 81 57
895 936 703
668 80 18
968 566 442
462 59 121
849 626 950
959 560 24
663 1 986
811 300 263
727 939 187
288 637 218
370 524 278
815 377 985
730 862 474
753 237 411
276 922 845
79 768 254
440 878 933
95 268 91
7 502 912
778 491 584
61 667 388
7 809 358
533 154 194
408 241 294
500 456 129
487 530 845
75 981 833
248 328 282
259 282 862
892 700 948
82 41 919
151 846 936
698 71 132
875 186 29
801 128 253
760 103 971
31 883 458
799 389 204
733 250 70
342 780 142
550 910 286
519 2 89
853 623 669
988 828 352
143 361 292
117 919 942
541 801 324
53 116 296
189 451 163
967 892 859
205 387 715
932 786 918
315 350 577
791 942 904
540 875 931
748 821 325
192 752 832
68 84 734
563 537 426
908 468 967
71 601 52
810 815 979
57 149 103
488 410 377
659 808 352
828 927 857
484 426 397
949 413 943
915 985 246
126 820 547
182 817 980
290 258 374
613 82 443
369 801 489
868 410 770
611 542 496
745 763 909
470 929 709
470 547 651
31 584 276
374 4 876
338 11 494
593 188 58
338 269 455
392 387 831
974 389 833
166 508 844
857 778 398
623 56 81
862 170 754
647 119 751
268 18 428
32 309 193
101 769 526
185 488 754
903 714 593
521 126 429
743 419 298
127 225 599
700 413 672
676 685 927
641 761 594
506 178 745
268 403 330
83 174 678
48 678 58
95 598 196
370 171 209
538 568 500
286 618 683
422 932 482
436 11 552
619 114 706
254 154 387
54 963 232
196 603 670
872 169 1000
525 325 484
844 474 599
738 606 751
465 920 786
141 506 772
686 500 791
196 683 745
133 365 741
673 111 613
428 686 469
278 84 478
267 52 828
832 486 894
999 568 972
43 882 911
232 211 872
120 141 553
201 659 983
217 122 89
10 647 815
695 787 752
897 783 441
291 831 253
37 845 325
79 391 255
169 323 991
142 926 147
25 375 799
144 555 728
782 429 205
203 988 58
154 864 737
107 72 142
828 196 128
421 701 375
44 320 642
350 233 711
546 389 790
813 397 424
537 664 987
280 859 754
717 308 90
315 426 647
167 458 589
200 129 181
288 588 243
179 537 95
11 562 321
156 538 925
95 335 758
206 619 724
690 343 629
938 924 945
705 976 500
141 834 406
313 65 442
640 20 12
572 704 62
429 941 933
1 942 802
514 976 685
109 662 13
827 238 200
748 54 830
921 994 218
778 75 301
180 959 377
69 381 910
59 5 842
267 322 284
774 813 575
277 168 525
166 763 571
273 863 39
555 126 216
686 778 709
139 927 114
91 976 944
914 534 55
306 147 993
548 589 394
251 693 616
311 56 499
183 539 226
897 295 225
366 338 744
628 149 640
848 105 178
964 382 919
349 123 425
76 319 174
273 456 545
657 38 223
220 682 982
562 915 909
86 516 378
193 609 99
340 563 265
594 875 811
352 863 941
627 140 42
725 335 720
652 319 721
16 387 195
408 457 210
770 761 122
701 633 750
770 18 169
246 478 77
756 352 423
811 650 720
526 188 622
323 78 752
867 54 824
664 762 62
47 738 73
299 394 399
185 40 861
805 694 4
440 563 11
93 117 704
565 2 361
755 483 156
55 591 629
536 549 98
477 617 152