100 250
79 69
70 49
60 6
60 17
93 25
55 15
60 13
73 24
53 60
12 67
50 77
23 41
4 30
43 91
44 71
30 16
20 8
6 12
34 86
88 84
65 58
38 57
17 65
36 89
44 10
57 21
79 16
73 58
92 5
54 31
99 20
83 28
24 63
2 31
95 32
64 67
48 63
74 10
45 73
43 80
68 4
42 34
10 50
36 43
79 45
66 74
19 9
26 60
61 84
85 2
85 79
22 33
33 62
64 13
98 76
46 49
27 60
42 56
65 54
64 60
24 44
15 84
74 34
93 20
79 58
19 89
40 100
6 34
93 65
32 4
71 15
49 60
42 17
69 99
16 29
23 82
39 70
91 97
57 88
69 63
69 4
41 98
91 79
51 28
17 22
66 93
27 18
6 45
69 26
53 39
41 68
58 60
8 84
13 47
18 55
36 52
1 91
55 77
48 89
41 87
95 98
60 14
55 91
53 5
43 34
17 32
74 1
30 68
48 15
27 58
81 76
7 21
21 49
51 83
59 82
4 5
71 51
33 93
51 96
27 4
54 34
52 99
30 65
33 66
31 52
100 77
75 65
11 30
27 52
61 96
30 13
95 50
77 88
73 14
60 61
38 15
38 5
30 81
14 27
59 87
95 55
45 42
95 9
48 56
87 7
66 43
68 66
21 42
85 15
18 31
34 4
99 100
97 53
22 12
97 84
54 69
51 23
74 2
42 52
55 72
51 70
76 99
88 95
91 35
83 47
62 8
27 80
74 87
80 65
28 30
36 100
8 24
33 24
92 31
33 7
64 31
20 40
100 40
10 78
28 17
89 67
49 15
32 85
55 88
27 30
53 90
55 76
36 84
1 34
44 86
54 25
61 22
75 29
62 58
90 59
39 3
66 1
77 29
68 6
70 82
5 91
52 47
78 61
7 70
42 51
24 72
36 16
85 43
93 42
42 77
78 48
73 49
70 1
67 71
71 7
73 8
9 77
97 63
77 76
64 37
13 27
62 26
64 93
12 51
23 96
31 2
36 42
84 17
20 27
65 14
49 27
68 97
32 96
15 95
44 56
57 76
75 95
39 93
7 39
61 81
63 80
80 99
79 8
43 32
77 9
52 75
99 83
45 26
98 58
4 8